
F3LiCl_042.txt
    A1:       408.888483 +/- 25.64423 (6.27%) (init= 274)
    index1:   3882.56402 +/- 1.182976 (0.03%) (init= 3885)
    FWHM1:    43.1626525 +/- 2.654390 (6.15%) (init= 42)
    A2:       3058.80778 +/- 55.24639 (1.81%) (init= 3058)
    index2:   4009.66383 +/- 0.313590 (0.01%) (init= 4011)
    FWHM2:    40.6254739 +/- 0.650360 (1.60%) (init= 40) 
F3LiCl_043.txt
    A1:       434.937615 +/- 32.22799 (7.41%) (init= 172)
    index1:   3393.54793 +/- 1.406216 (0.04%) (init= 3390)
    FWHM1:    41.9661288 +/- 3.193085 (7.61%) (init= 20)
    A2:       2064.08048 +/- 54.72243 (2.65%) (init= 3044)
    index2:   3501.91646 +/- 0.537180 (0.02%) (init= 3509)
    FWHM2:    45.9187212 +/- 1.145859 (2.50%) (init= 80) 