
F3LiCl_041.txt
    A1:       245.688624 +/- 18.98704 (7.73%) (init= 55)
    index1:   3671.35904 +/- 1.228671 (0.03%) (init= 3672)
    FWHM1:    34.9655859 +/- 2.757026 (7.88%) (init= 10)
    A2:       2337.19994 +/- 46.20145 (1.98%) (init= 1736)
    index2:   3818.98693 +/- 0.352014 (0.01%) (init= 3825)
    FWHM2:    39.6745050 +/- 0.672598 (1.70%) (init= 26) 