
F3LiCl_041.txt
    A1:       245.688624 +/- 18.98704 (7.73%) (init= 55)
    index1:   3671.35904 +/- 1.228671 (0.03%) (init= 3672)
    FWHM1:    34.9655859 +/- 2.757026 (7.88%) (init= 10)
    A2:       2337.19994 +/- 46.20145 (1.98%) (init= 1736)
    index2:   3818.98693 +/- 0.352014 (0.01%) (init= 3825)
    FWHM2:    39.6745050 +/- 0.672598 (1.70%) (init= 26) 
F3LiCl_044.txt
    A1:       325.084454 +/- 29.09121 (8.95%) (init= 35)
    index1:   3199.76605 +/- 1.672615 (0.05%) (init= 3220)
    FWHM1:    41.4791966 +/- 3.727772 (8.99%) (init= 8)
    A2:       1441.59352 +/- 47.16938 (3.27%) (init= 1697)
    index2:   3329.27803 +/- 0.660868 (0.02%) (init= 3330)
    FWHM2:    45.1489310 +/- 1.405087 (3.11%) (init= 46)