
F3LiCl_041.txt
    A1:       254.997016 +/- 18.68779 (7.33%) (init= 55)
    index1:   3671.18430 +/- 1.366122 (0.04%) (init= 3672)
    FWHM1:    39.7288115 +/- 0.665760 (1.68%)  == '(((k6 + (1/cos(teta)))/(k7 + (1/cos(teta))))*FWHM2)'
    A2:       2337.82960 +/- 46.25089 (1.98%) (init= 1736)
    index2:   3819.00823 +/- 0.351530 (0.01%) (init= 3825)
    FWHM2:    39.5463945 +/- 0.662703 (1.68%) (init= 26) 