
F2LiCl_004.txt
    A1:       717.823820 +/- 39.97068 (5.57%) (init= 385)
    index1:   2792.09858 +/- 1.202332 (0.04%) (init= 2786)
    FWHM1:    49.2339905 +/- 2.844250 (5.78%) (init= 44)
    A2:       3745.02813 +/- 67.88134 (1.81%) (init= 4363)
    index2:   2878.27810 +/- 0.334923 (0.01%) (init= 2883)
    FWHM2:    41.0429682 +/- 0.690421 (1.68%) (init= 52) 