    A1:       1449.44190 +/- 1.40e+03 (96.51%) (init= 1068)
    index1:   2601.38958 +/- 14.38439 (0.55%) (init= 2604)
    FWHM1:    36.4590332 +/- 12.84546 (35.23%) (init= 43.5)
    A2:       677.498991 +/- 1.37e+03 (202.93%) (init= 380)
    index2:   2620.07538 +/- 6.832287 (0.26%) (init= 2632)
    FWHM2:    26.2891494 +/- 9.839784 (37.43%) (init= 21.5)