
F2LiCl_007.txt
    A1:       729.559420 +/- 47.39930 (6.50%) (init= 633)
    index1:   2995.24897 +/- 1.404043 (0.05%) (init= 3000)
    FWHM1:    49.2789208 +/- 3.420061 (6.94%) (init= 48)
    A2:       6981.74221 +/- 96.06903 (1.38%) (init= 8334)
    index2:   3084.31454 +/- 0.266221 (0.01%) (init= 3092)
    FWHM2:    43.2786610 +/- 0.534782 (1.24%) (init= 60) 
F2LiCl_005.txt
    A1:       702.440976 +/- 36.32569 (5.17%) (init= 203)
    index1:   2854.75570 +/- 1.064811 (0.04%) (init= 2843)
    FWHM1:    46.0302619 +/- 2.516390 (5.47%) (init= 26)
    A2:       4750.80651 +/- 72.45777 (1.53%) (init= 3694)
    index2:   2939.68041 +/- 0.292194 (0.01%) (init= 2944)
    FWHM2:    42.9396083 +/- 0.595850 (1.39%) (init= 30)
F2LiCl_006.txt
    A1:       751.658819 +/- 45.52051 (6.06%) (init= 334)
    index1:   2924.89136 +/- 1.466885 (0.05%) (init= 2899)
    FWHM1:    58.1335321 +/- 3.715669 (6.39%) (init= 58)
    A2:       5485.35275 +/- 73.31232 (1.34%) (init= 3566)
    index2:   3009.59492 +/- 0.256167 (0.01%) (init= 3003)
    FWHM2:    42.7138498 +/- 0.532732 (1.25%) (init= 26)