    A1:       550.343940 +/- 45.25279 (8.22%) (init= 806)
    index1:   2603.98909 +/- 1.131232 (0.04%) (init= 2619)
    FWHM1:    38.0248099 +/- 2.909970 (7.65%) (init= 15)
    A2:       3033.70479 +/- 74.70853 (2.46%) (init= 3097)
    index2:   2682.74300 +/- 0.365306 (0.01%) (init= 2681)
    FWHM2:    39.7963808 +/- 0.897535 (2.26%) (init= 55)
    A1:       550.345202 +/- 45.25316 (8.22%) (init= 806)
    index1:   2603.98912 +/- 1.131240 (0.04%) (init= 2619)
    FWHM1:    38.0249363 +/- 2.910002 (7.65%) (init= 18.5)
    A2:       3033.70600 +/- 74.70869 (2.46%) (init= 3097)
    index2:   2682.74299 +/- 0.365307 (0.01%) (init= 2681)
    FWHM2:    39.7964035 +/- 0.897538 (2.26%) (init= 55)
    A1:       550.345202 +/- 45.25316 (8.22%) (init= 806)
    index1:   2603.98912 +/- 1.131240 (0.04%) (init= 2619)
    FWHM1:    38.0249363 +/- 2.910002 (7.65%) (init= 18.5)
    A2:       3033.70600 +/- 74.70869 (2.46%) (init= 3097)
    index2:   2682.74299 +/- 0.365307 (0.01%) (init= 2681)
    FWHM2:    39.7964035 +/- 0.897538 (2.26%) (init= 55)