    A1:       550.343940 +/- 45.25279 (8.22%) (init= 806)
    index1:   2603.98909 +/- 1.131232 (0.04%) (init= 2619)
    FWHM1:    38.0248099 +/- 2.909970 (7.65%) (init= 15)
    A2:       3033.70479 +/- 74.70853 (2.46%) (init= 3097)
    index2:   2682.74300 +/- 0.365306 (0.01%) (init= 2681)
    FWHM2:    39.7963808 +/- 0.897535 (2.26%) (init= 55)
    m:       -0.01750142 +/- 0.005250 (30.00%) (init= 0)
    b:        53.4782102 +/- 13.69685 (25.61%) (init= 10)    A1:       550.343940 +/- 45.25279 (8.22%) (init= 806)
    index1:   2603.98909 +/- 1.131232 (0.04%) (init= 2619)
    FWHM1:    38.0248099 +/- 2.909970 (7.65%) (init= 15)
    A2:       3033.70479 +/- 74.70853 (2.46%) (init= 3097)
    index2:   2682.74300 +/- 0.365306 (0.01%) (init= 2681)
    FWHM2:    39.7963808 +/- 0.897535 (2.26%) (init= 55)
    m:       -0.01750142 +/- 0.005250 (30.00%) (init= 0)
    b:        53.4782102 +/- 13.69685 (25.61%) (init= 10)
    A1:       550.343940 +/- 45.25279 (8.22%) (init= 806)
    index1:   2603.98909 +/- 1.131232 (0.04%) (init= 2619)
    FWHM1:    38.0248099 +/- 2.909970 (7.65%) (init= 15)
    A2:       3033.70479 +/- 74.70853 (2.46%) (init= 3097)
    index2:   2682.74300 +/- 0.365306 (0.01%) (init= 2681)
    FWHM2:    39.7963808 +/- 0.897535 (2.26%) (init= 55)
    m:       -0.01750142 +/- 0.005250 (30.00%) (init= 0)
    b:        53.4782102 +/- 13.69685 (25.61%) (init= 10)