
F2LiCl_007.txt
    A1:       729.559420 +/- 47.39930 (6.50%) (init= 633)
    index1:   2995.24897 +/- 1.404043 (0.05%) (init= 3000)
    FWHM1:    49.2789208 +/- 3.420061 (6.94%) (init= 48)
    A2:       6981.74221 +/- 96.06903 (1.38%) (init= 8334)
    index2:   3084.31454 +/- 0.266221 (0.01%) (init= 3092)
    FWHM2:    43.2786610 +/- 0.534782 (1.24%) (init= 60) 
F2LiCl_002.txt
    A1:       732.701423 +/- 50.18533 (6.85%) (init= 379)
    index1:   2669.24271 +/- 1.580560 (0.06%) (init= 2653)
    FWHM1:    55.1820186 +/- 4.173819 (7.56%) (init= 56)
    A2:       2968.16380 +/- 65.59108 (2.21%) (init= 3151)
    index2:   2746.52958 +/- 0.395990 (0.01%) (init= 2751)
    FWHM2:    38.4737251 +/- 0.813928 (2.12%) (init= 40) 
F2LiCl_004.txt
    A1:       717.823820 +/- 39.97068 (5.57%) (init= 385)
    index1:   2792.09858 +/- 1.202332 (0.04%) (init= 2786)
    FWHM1:    49.2339905 +/- 2.844250 (5.78%) (init= 44)
    A2:       3745.02813 +/- 67.88134 (1.81%) (init= 4363)
    index2:   2878.27810 +/- 0.334923 (0.01%) (init= 2883)
    FWHM2:    41.0429682 +/- 0.690421 (1.68%) (init= 52) 
F2LiCl_005.txt
    A1:       702.440976 +/- 36.32569 (5.17%) (init= 203)
    index1:   2854.75570 +/- 1.064811 (0.04%) (init= 2843)
    FWHM1:    46.0302619 +/- 2.516390 (5.47%) (init= 26)
    A2:       4750.80651 +/- 72.45777 (1.53%) (init= 3694)
    index2:   2939.68041 +/- 0.292194 (0.01%) (init= 2944)
    FWHM2:    42.9396083 +/- 0.595850 (1.39%) (init= 30) 