
F2LiCl_005.txt
    A1:       702.440976 +/- 36.32569 (5.17%) (init= 203)
    index1:   2854.75570 +/- 1.064811 (0.04%) (init= 2843)
    FWHM1:    46.0302619 +/- 2.516390 (5.47%) (init= 26)
    A2:       4750.80651 +/- 72.45777 (1.53%) (init= 3694)
    index2:   2939.68041 +/- 0.292194 (0.01%) (init= 2944)
    FWHM2:    42.9396083 +/- 0.595850 (1.39%) (init= 30) 
F2LiCl_001.txt
    A1:       517.523803 +/- 36.79122 (7.11%) (init= 707)
    index1:   2603.52106 +/- 1.097462 (0.04%) (init= 2619)
    FWHM1:    36.7984862 +/- 2.629953 (7.15%) (init= 60)
    A2:       2908.24595 +/- 59.40396 (2.04%) (init= 3097)
    index2:   2682.57959 +/- 0.347265 (0.01%) (init= 2681)
    FWHM2:    38.2869406 +/- 0.730939 (1.91%) (init= 38) 
F2LiCl_005.txt
    A1:       702.440976 +/- 36.32569 (5.17%) (init= 203)
    index1:   2854.75570 +/- 1.064811 (0.04%) (init= 2843)
    FWHM1:    46.0302619 +/- 2.516390 (5.47%) (init= 26)
    A2:       4750.80651 +/- 72.45777 (1.53%) (init= 3694)
    index2:   2939.68041 +/- 0.292194 (0.01%) (init= 2944)
    FWHM2:    42.9396083 +/- 0.595850 (1.39%) (init= 30) 