    A1:       567.046543 +/- 39.17894 (6.91%) (init= 806)
    index1:   2603.58362 +/- 1.133086 (0.04%) (init= 2619)
    FWHM1:    39.4801085 +/- 2.731341 (6.92%) (init= 18.5)
    A2:       2968.13038 +/- 67.90558 (2.29%) (init= 3097)
    index2:   2682.61744 +/- 0.361432 (0.01%) (init= 2681)
    FWHM2:    38.9295322 +/- 0.826261 (2.12%) (init= 55)