    A1:       595.500885 +/- 64.94623 (10.91%) (init= 806)
    index1:   2603.56859 +/- 1.231977 (0.05%) (init= 2619)
    FWHM1:    40.9007330 +/- 3.763940 (9.20%) (init= 18.5)
    A2:       2994.37487 +/- 71.86782 (2.40%) (init= 3097)
    index2:   2682.63120 +/- 0.375056 (0.01%) (init= 2681)
    FWHM2:    39.1972958 +/- 0.860753 (2.20%) (init= 55)