
F2LiCl_001.txt
    A1:       517.523803 +/- 36.79122 (7.11%) (init= 707)
    index1:   2603.52106 +/- 1.097462 (0.04%) (init= 2619)
    FWHM1:    36.7984862 +/- 2.629953 (7.15%) (init= 60)
    A2:       2908.24595 +/- 59.40396 (2.04%) (init= 3097)
    index2:   2682.57959 +/- 0.347265 (0.01%) (init= 2681)
    FWHM2:    38.2869406 +/- 0.730939 (1.91%) (init= 38) 
F2LiCl_002.txt
    A1:       732.701423 +/- 50.18533 (6.85%) (init= 379)
    index1:   2669.24271 +/- 1.580560 (0.06%) (init= 2653)
    FWHM1:    55.1820186 +/- 4.173819 (7.56%) (init= 56)
    A2:       2968.16380 +/- 65.59108 (2.21%) (init= 3151)
    index2:   2746.52958 +/- 0.395990 (0.01%) (init= 2751)
    FWHM2:    38.4737251 +/- 0.813928 (2.12%) (init= 40)